t 50
[T] [1]a 937 2330 1293 161 303 1126 541 1106 5008 3088 1469 221 5672 5671 5670 5669 211 4723 1684 1376 110 687 111 730 131 1168 1379 2806 2805 684 685 4455 4468 123 5138 0 5137 1517 4700 404 160 831 5508 1932 1929 179 8785 69 43 1995
[T] [2]a 937 2330 1293 161 303 1126 541 1106 5008 3088 1469 221 5672 5671 5670 5669 211 4723 1684 1376 110 687 111 730 131 1168 1379 2806 2805 684 685 4455 4468 123 5138 0 5137 1517 4700 404 160 831 5508 1932 1929 179 8785 915 43 1995
[T] [3]a 937 2330 1293 161 303 1126 541 1106 5008 3088 1469 221 5672 5671 5670 5669 211 4723 1684 1376 110 687 111 2599 131 1168 1379 2806 2805 684 685 4455 4468 123 5138 0 5137 1517 4700 404 160 831 5508 1932 1929 179 8785 69 43 1995
[T] [4]a 937 2330 1293 161 303 1126 541 1106 5008 3088 1469 221 5672 5671 5670 5669 211 4723 1684 1376 110 687 111 2599 131 1168 1379 2806 2805 684 685 4455 4468 123 5138 0 5137 1517 4700 404 160 831 5508 1932 1929 179 8785 915 43 1995
[T] [5]a 937 2330 1293 161 303 1126 541 1106 5008 3088 1469 221 5672 5671 5670 5669 211 4723 1684 1376 110 687 266 86 131 1168 1379 2806 2805 684 685 4455 4468 123 5138 0 5137 1517 4700 404 160 831 5508 1932 1929 179 8785 69 43 1995
[T] [6]a 937 2330 1293 161 303 1126 541 1106 5008 3088 1469 221 5672 5671 5670 5669 211 4723 1684 1376 110 687 266 86 131 1168 1379 2806 2805 684 685 4455 4468 123 5138 0 5137 1517 4700 404 160 831 5508 1932 1929 179 8785 915 43 1995
[T] [7]a 937 2330 1293 161 303 1126 541 1106 5008 3088 1469 221 5672 5671 5670 5669 211 4723 1684 1376 110 687 266 2599 131 1168 1379 2806 2805 684 685 4455 4468 123 5138 0 5137 1517 4700 404 160 831 5508 1932 1929 179 8785 69 43 1995
[T] [8]a 937 2330 1293 161 303 1126 541 1106 5008 3088 1469 221 5672 5671 5670 5669 211 4723 1684 1376 110 687 266 2599 131 1168 1379 2806 2805 684 685 4455 4468 123 5138 0 5137 1517 4700 404 160 831 5508 1932 1929 179 8785 915 43 1995
[T] [9]a 1047 2330 1293 161 303 1126 541 1106 5008 3088 1469 221 5672 5671 5670 5669 211 4723 1684 1376 110 687 111 730 131 1168 1379 2806 2805 684 685 4455 4468 123 5138 0 5137 1517 4700 404 160 831 5508 1932 1929 179 8785 69 43 1995
[T] [10]a 1047 2330 1293 161 303 1126 541 1106 5008 3088 1469 221 5672 5671 5670 5669 211 4723 1684 1376 110 687 111 730 131 1168 1379 2806 2805 684 685 4455 4468 123 5138 0 5137 1517 4700 404 160 831 5508 1932 1929 179 8785 915 43 1995
[T] [11]a 1047 2330 1293 161 303 1126 541 1106 5008 3088 1469 221 5672 5671 5670 5669 211 4723 1684 1376 110 687 111 2599 131 1168 1379 2806 2805 684 685 4455 4468 123 5138 0 5137 1517 4700 404 160 831 5508 1932 1929 179 8785 69 43 1995
[T] [12]a 1047 2330 1293 161 303 1126 541 1106 5008 3088 1469 221 5672 5671 5670 5669 211 4723 1684 1376 110 687 111 2599 131 1168 1379 2806 2805 684 685 4455 4468 123 5138 0 5137 1517 4700 404 160 831 5508 1932 1929 179 8785 915 43 1995
[T] [13]a 1047 2330 1293 161 303 1126 541 1106 5008 3088 1469 221 5672 5671 5670 5669 211 4723 1684 1376 110 687 266 86 131 1168 1379 2806 2805 684 685 4455 4468 123 5138 0 5137 1517 4700 404 160 831 5508 1932 1929 179 8785 69 43 1995
[T] [14]a 1047 2330 1293 161 303 1126 541 1106 5008 3088 1469 221 5672 5671 5670 5669 211 4723 1684 1376 110 687 266 937 131 1168 1379 2806 2805 684 685 4455 4468 123 5138 0 5137 1517 4700 404 160 831 5508 1932 1929 179 8785 69 43 1995
[T] [15]a 1047 2330 1293 161 303 1126 541 1106 5008 3088 1469 221 5672 5671 5670 5669 211 4723 1684 1376 110 687 266 2599 131 1168 1379 2806 2805 684 685 4455 4468 123 5138 0 5137 1517 4700 404 160 831 5508 1932 1929 179 8785 69 43 1995
[T] [16]a 1047 2330 1293 161 303 1126 541 1106 5008 3088 1469 221 5672 5671 5670 5669 211 4723 1684 1376 110 687 266 86 131 1168 1379 2806 2805 684 685 4455 4468 123 5138 0 5137 1517 4700 404 160 831 5508 1932 1929 179 8785 915 43 1995
[T] [17]a 1047 2330 1293 161 303 1126 541 1106 5008 3088 1469 221 5672 5671 5670 5669 211 4723 1684 1376 110 687 266 937 131 1168 1379 2806 2805 684 685 4455 4468 123 5138 0 5137 1517 4700 404 160 831 5508 1932 1929 179 8785 915 43 1995
[T] [18]a 1047 2330 1293 161 303 1126 541 1106 5008 3088 1469 221 5672 5671 5670 5669 211 4723 1684 1376 110 687 266 2599 131 1168 1379 2806 2805 684 685 4455 4468 123 5138 0 5137 1517 4700 404 160 831 5508 1932 1929 179 8785 915 43 1995
[T] [19]a 30 4107 4106 161 303 1126 541 1106 5008 3088 1469 221 5672 5671 5670 5669 211 4723 1684 1376 110 687 111 730 131 1168 1379 2806 2805 684 685 4455 4468 123 5138 0 5137 1517 4700 404 160 831 280 1932 1929 179 8785 69 43 1995
[T] [20]a 30 4107 4106 161 303 1126 541 1106 5008 3088 1469 221 5672 5671 5670 5669 211 4723 1684 1376 110 687 111 730 131 1168 1379 2806 2805 684 685 4455 4468 123 5138 0 5137 1517 4700 404 160 831 280 1932 1929 179 8785 915 43 1995
[T] [21]a 30 4107 4106 161 303 1126 541 1106 5008 3088 1469 221 5672 5671 5670 5669 211 4723 1684 1376 110 687 111 730 131 1168 1379 2806 2805 684 685 4455 4468 123 5138 0 5137 1517 4700 404 160 831 5508 1932 1929 179 8785 69 43 1995
[T] [22]a 30 4107 4106 161 303 1126 541 1106 5008 3088 1469 221 5672 5671 5670 5669 211 4723 1684 1376 110 687 111 730 131 1168 1379 2806 2805 684 685 4455 4468 123 5138 0 5137 1517 4700 404 160 831 5508 1932 1929 179 8785 915 43 1995
[T] [23]a 30 4107 4106 161 303 1126 541 1106 5008 3088 1469 221 5672 5671 5670 5669 211 4723 1684 1376 110 687 111 2599 131 1168 1379 2806 2805 684 685 4455 4468 123 5138 0 5137 1517 4700 404 160 831 280 1932 1929 179 8785 69 43 1995
[T] [24]a 30 4107 4106 161 303 1126 541 1106 5008 3088 1469 221 5672 5671 5670 5669 211 4723 1684 1376 110 687 111 2599 131 1168 1379 2806 2805 684 685 4455 4468 123 5138 0 5137 1517 4700 404 160 831 280 1932 1929 179 8785 915 43 1995
[T] [25]a 30 4107 4106 161 303 1126 541 1106 5008 3088 1469 221 5672 5671 5670 5669 211 4723 1684 1376 110 687 111 2599 131 1168 1379 2806 2805 684 685 4455 4468 123 5138 0 5137 1517 4700 404 160 831 5508 1932 1929 179 8785 69 43 1995
[T] [26]a 30 4107 4106 161 303 1126 541 1106 5008 3088 1469 221 5672 5671 5670 5669 211 4723 1684 1376 110 687 111 2599 131 1168 1379 2806 2805 684 685 4455 4468 123 5138 0 5137 1517 4700 404 160 831 5508 1932 1929 179 8785 915 43 1995
[T] [27]a 30 4107 4106 161 303 1126 541 1106 5008 3088 1469 221 5672 5671 5670 5669 211 4723 1684 1376 110 687 266 86 131 1168 1379 2806 2805 684 685 4455 4468 123 5138 0 5137 1517 4700 404 160 831 280 1932 1929 179 8785 69 43 1995
[T] [28]a 30 4107 4106 161 303 1126 541 1106 5008 3088 1469 221 5672 5671 5670 5669 211 4723 1684 1376 110 687 266 937 131 1168 1379 2806 2805 684 685 4455 4468 123 5138 0 5137 1517 4700 404 160 831 280 1932 1929 179 8785 69 43 1995
[T] [29]a 30 4107 4106 161 303 1126 541 1106 5008 3088 1469 221 5672 5671 5670 5669 211 4723 1684 1376 110 687 266 2599 131 1168 1379 2806 2805 684 685 4455 4468 123 5138 0 5137 1517 4700 404 160 831 280 1932 1929 179 8785 69 43 1995
[T] [30]a 30 4107 4106 161 303 1126 541 1106 5008 3088 1469 221 5672 5671 5670 5669 211 4723 1684 1376 110 687 266 86 131 1168 1379 2806 2805 684 685 4455 4468 123 5138 0 5137 1517 4700 404 160 831 280 1932 1929 179 8785 915 43 1995
[T] [31]a 30 4107 4106 161 303 1126 541 1106 5008 3088 1469 221 5672 5671 5670 5669 211 4723 1684 1376 110 687 266 937 131 1168 1379 2806 2805 684 685 4455 4468 123 5138 0 5137 1517 4700 404 160 831 280 1932 1929 179 8785 915 43 1995
[T] [32]a 30 4107 4106 161 303 1126 541 1106 5008 3088 1469 221 5672 5671 5670 5669 211 4723 1684 1376 110 687 266 2599 131 1168 1379 2806 2805 684 685 4455 4468 123 5138 0 5137 1517 4700 404 160 831 280 1932 1929 179 8785 915 43 1995
[T] [33]a 30 4107 4106 161 303 1126 541 1106 5008 3088 1469 221 5672 5671 5670 5669 211 4723 1684 1376 110 687 266 86 131 1168 1379 2806 2805 684 685 4455 4468 123 5138 0 5137 1517 4700 404 160 831 5508 1932 1929 179 8785 69 43 1995
[T] [34]a 30 4107 4106 161 303 1126 541 1106 5008 3088 1469 221 5672 5671 5670 5669 211 4723 1684 1376 110 687 266 937 131 1168 1379 2806 2805 684 685 4455 4468 123 5138 0 5137 1517 4700 404 160 831 5508 1932 1929 179 8785 69 43 1995
[T] [35]a 30 4107 4106 161 303 1126 541 1106 5008 3088 1469 221 5672 5671 5670 5669 211 4723 1684 1376 110 687 266 2599 131 1168 1379 2806 2805 684 685 4455 4468 123 5138 0 5137 1517 4700 404 160 831 5508 1932 1929 179 8785 69 43 1995
[T] [36]a 30 4107 4106 161 303 1126 541 1106 5008 3088 1469 221 5672 5671 5670 5669 211 4723 1684 1376 110 687 266 86 131 1168 1379 2806 2805 684 685 4455 4468 123 5138 0 5137 1517 4700 404 160 831 5508 1932 1929 179 8785 915 43 1995
[T] [37]a 30 4107 4106 161 303 1126 541 1106 5008 3088 1469 221 5672 5671 5670 5669 211 4723 1684 1376 110 687 266 937 131 1168 1379 2806 2805 684 685 4455 4468 123 5138 0 5137 1517 4700 404 160 831 5508 1932 1929 179 8785 915 43 1995
[T] [38]a 30 4107 4106 161 303 1126 541 1106 5008 3088 1469 221 5672 5671 5670 5669 211 4723 1684 1376 110 687 266 2599 131 1168 1379 2806 2805 684 685 4455 4468 123 5138 0 5137 1517 4700 404 160 831 5508 1932 1929 179 8785 915 43 1995
[T] [39]a 280 4107 4106 161 303 1126 541 1106 5008 3088 1469 221 5672 5671 5670 5669 211 4723 1684 1376 110 687 111 730 131 1168 1379 2806 2805 684 685 4455 4468 123 5138 0 5137 1517 4700 404 160 831 5508 1932 1929 179 8785 69 43 1995
[T] [40]a 280 4107 4106 161 303 1126 541 1106 5008 3088 1469 221 5672 5671 5670 5669 211 4723 1684 1376 110 687 111 730 131 1168 1379 2806 2805 684 685 4455 4468 123 5138 0 5137 1517 4700 404 160 831 5508 1932 1929 179 8785 915 43 1995
[T] [41]a 280 4107 4106 161 303 1126 541 1106 5008 3088 1469 221 5672 5671 5670 5669 211 4723 1684 1376 110 687 111 2599 131 1168 1379 2806 2805 684 685 4455 4468 123 5138 0 5137 1517 4700 404 160 831 5508 1932 1929 179 8785 69 43 1995
[T] [42]a 280 4107 4106 161 303 1126 541 1106 5008 3088 1469 221 5672 5671 5670 5669 211 4723 1684 1376 110 687 111 2599 131 1168 1379 2806 2805 684 685 4455 4468 123 5138 0 5137 1517 4700 404 160 831 5508 1932 1929 179 8785 915 43 1995
[T] [43]a 280 4107 4106 161 303 1126 541 1106 5008 3088 1469 221 5672 5671 5670 5669 211 4723 1684 1376 110 687 266 86 131 1168 1379 2806 2805 684 685 4455 4468 123 5138 0 5137 1517 4700 404 160 831 5508 1932 1929 179 8785 69 43 1995
[T] [44]a 280 4107 4106 161 303 1126 541 1106 5008 3088 1469 221 5672 5671 5670 5669 211 4723 1684 1376 110 687 266 937 131 1168 1379 2806 2805 684 685 4455 4468 123 5138 0 5137 1517 4700 404 160 831 5508 1932 1929 179 8785 69 43 1995
[T] [45]a 280 4107 4106 161 303 1126 541 1106 5008 3088 1469 221 5672 5671 5670 5669 211 4723 1684 1376 110 687 266 2599 131 1168 1379 2806 2805 684 685 4455 4468 123 5138 0 5137 1517 4700 404 160 831 5508 1932 1929 179 8785 69 43 1995
[T] [46]a 280 4107 4106 161 303 1126 541 1106 5008 3088 1469 221 5672 5671 5670 5669 211 4723 1684 1376 110 687 266 86 131 1168 1379 2806 2805 684 685 4455 4468 123 5138 0 5137 1517 4700 404 160 831 5508 1932 1929 179 8785 915 43 1995
[T] [47]a 280 4107 4106 161 303 1126 541 1106 5008 3088 1469 221 5672 5671 5670 5669 211 4723 1684 1376 110 687 266 937 131 1168 1379 2806 2805 684 685 4455 4468 123 5138 0 5137 1517 4700 404 160 831 5508 1932 1929 179 8785 915 43 1995
[T] [48]a 280 4107 4106 161 303 1126 541 1106 5008 3088 1469 221 5672 5671 5670 5669 211 4723 1684 1376 110 687 266 2599 131 1168 1379 2806 2805 684 685 4455 4468 123 5138 0 5137 1517 4700 404 160 831 5508 1932 1929 179 8785 915 43 1995
[T] [49]a 30 4107 4106 1468 303 1126 541 1106 5008 3088 1469 221 5672 5671 5670 5669 211 4723 1684 1376 110 687 111 730 131 1168 1379 2806 2805 684 685 4455 4468 123 5138 0 5137 1517 4700 404 160 831 280 1932 1929 179 8785 69 43 1995
[T] [50]a 30 4107 4106 1468 303 1126 541 1106 5008 3088 1469 221 5672 5671 5670 5669 211 4723 1684 1376 110 687 111 730 131 1168 1379 2806 2805 684 685 4455 4468 123 5138 0 5137 1517 4700 404 160 831 280 1932 1929 179 8785 915 43 1995
[T] [51]a 30 4107 4106 1468 303 1126 541 1106 5008 3088 1469 221 5672 5671 5670 5669 211 4723 1684 1376 110 687 111 730 131 1168 1379 2806 2805 684 685 4455 4468 123 5138 0 5137 1517 4700 404 160 831 5508 1932 1929 179 8785 69 43 1995
[T] [52]a 30 4107 4106 1468 303 1126 541 1106 5008 3088 1469 221 5672 5671 5670 5669 211 4723 1684 1376 110 687 111 730 131 1168 1379 2806 2805 684 685 4455 4468 123 5138 0 5137 1517 4700 404 160 831 5508 1932 1929 179 8785 915 43 1995
[T] [53]a 30 4107 4106 1468 303 1126 541 1106 5008 3088 1469 221 5672 5671 5670 5669 211 4723 1684 1376 110 687 111 2599 131 1168 1379 2806 2805 684 685 4455 4468 123 5138 0 5137 1517 4700 404 160 831 280 1932 1929 179 8785 69 43 1995
[T] [54]a 30 4107 4106 1468 303 1126 541 1106 5008 3088 1469 221 5672 5671 5670 5669 211 4723 1684 1376 110 687 111 2599 131 1168 1379 2806 2805 684 685 4455 4468 123 5138 0 5137 1517 4700 404 160 831 280 1932 1929 179 8785 915 43 1995
[T] [55]a 30 4107 4106 1468 303 1126 541 1106 5008 3088 1469 221 5672 5671 5670 5669 211 4723 1684 1376 110 687 111 2599 131 1168 1379 2806 2805 684 685 4455 4468 123 5138 0 5137 1517 4700 404 160 831 5508 1932 1929 179 8785 69 43 1995
[T] [56]a 30 4107 4106 1468 303 1126 541 1106 5008 3088 1469 221 5672 5671 5670 5669 211 4723 1684 1376 110 687 111 2599 131 1168 1379 2806 2805 684 685 4455 4468 123 5138 0 5137 1517 4700 404 160 831 5508 1932 1929 179 8785 915 43 1995
[T] [57]a 30 4107 4106 1468 303 1126 541 1106 5008 3088 1469 221 5672 5671 5670 5669 211 4723 1684 1376 110 687 266 86 131 1168 1379 2806 2805 684 685 4455 4468 123 5138 0 5137 1517 4700 404 160 831 280 1932 1929 179 8785 69 43 1995
[T] [58]a 30 4107 4106 1468 303 1126 541 1106 5008 3088 1469 221 5672 5671 5670 5669 211 4723 1684 1376 110 687 266 937 131 1168 1379 2806 2805 684 685 4455 4468 123 5138 0 5137 1517 4700 404 160 831 280 1932 1929 179 8785 69 43 1995
[T] [59]a 30 4107 4106 1468 303 1126 541 1106 5008 3088 1469 221 5672 5671 5670 5669 211 4723 1684 1376 110 687 266 2599 131 1168 1379 2806 2805 684 685 4455 4468 123 5138 0 5137 1517 4700 404 160 831 280 1932 1929 179 8785 69 43 1995
[T] [60]a 30 4107 4106 1468 303 1126 541 1106 5008 3088 1469 221 5672 5671 5670 5669 211 4723 1684 1376 110 687 266 86 131 1168 1379 2806 2805 684 685 4455 4468 123 5138 0 5137 1517 4700 404 160 831 280 1932 1929 179 8785 915 43 1995
[T] [61]a 30 4107 4106 1468 303 1126 541 1106 5008 3088 1469 221 5672 5671 5670 5669 211 4723 1684 1376 110 687 266 937 131 1168 1379 2806 2805 684 685 4455 4468 123 5138 0 5137 1517 4700 404 160 831 280 1932 1929 179 8785 915 43 1995
[T] [62]a 30 4107 4106 1468 303 1126 541 1106 5008 3088 1469 221 5672 5671 5670 5669 211 4723 1684 1376 110 687 266 2599 131 1168 1379 2806 2805 684 685 4455 4468 123 5138 0 5137 1517 4700 404 160 831 280 1932 1929 179 8785 915 43 1995
[T] [63]a 30 4107 4106 1468 303 1126 541 1106 5008 3088 1469 221 5672 5671 5670 5669 211 4723 1684 1376 110 687 266 86 131 1168 1379 2806 2805 684 685 4455 4468 123 5138 0 5137 1517 4700 404 160 831 5508 1932 1929 179 8785 69 43 1995
[T] [64]a 30 4107 4106 1468 303 1126 541 1106 5008 3088 1469 221 5672 5671 5670 5669 211 4723 1684 1376 110 687 266 937 131 1168 1379 2806 2805 684 685 4455 4468 123 5138 0 5137 1517 4700 404 160 831 5508 1932 1929 179 8785 69 43 1995
[T] [65]a 30 4107 4106 1468 303 1126 541 1106 5008 3088 1469 221 5672 5671 5670 5669 211 4723 1684 1376 110 687 266 2599 131 1168 1379 2806 2805 684 685 4455 4468 123 5138 0 5137 1517 4700 404 160 831 5508 1932 1929 179 8785 69 43 1995
[T] [66]a 30 4107 4106 1468 303 1126 541 1106 5008 3088 1469 221 5672 5671 5670 5669 211 4723 1684 1376 110 687 266 86 131 1168 1379 2806 2805 684 685 4455 4468 123 5138 0 5137 1517 4700 404 160 831 5508 1932 1929 179 8785 915 43 1995
[T] [67]a 30 4107 4106 1468 303 1126 541 1106 5008 3088 1469 221 5672 5671 5670 5669 211 4723 1684 1376 110 687 266 937 131 1168 1379 2806 2805 684 685 4455 4468 123 5138 0 5137 1517 4700 404 160 831 5508 1932 1929 179 8785 915 43 1995
[T] [68]a 30 4107 4106 1468 303 1126 541 1106 5008 3088 1469 221 5672 5671 5670 5669 211 4723 1684 1376 110 687 266 2599 131 1168 1379 2806 2805 684 685 4455 4468 123 5138 0 5137 1517 4700 404 160 831 5508 1932 1929 179 8785 915 43 1995
[T] [69]a 280 4107 4106 1468 303 1126 541 1106 5008 3088 1469 221 5672 5671 5670 5669 211 4723 1684 1376 110 687 111 730 131 1168 1379 2806 2805 684 685 4455 4468 123 5138 0 5137 1517 4700 404 160 831 5508 1932 1929 179 8785 69 43 1995
[T] [70]a 280 4107 4106 1468 303 1126 541 1106 5008 3088 1469 221 5672 5671 5670 5669 211 4723 1684 1376 110 687 111 730 131 1168 1379 2806 2805 684 685 4455 4468 123 5138 0 5137 1517 4700 404 160 831 5508 1932 1929 179 8785 915 43 1995
[T] [71]a 280 4107 4106 1468 303 1126 541 1106 5008 3088 1469 221 5672 5671 5670 5669 211 4723 1684 1376 110 687 111 2599 131 1168 1379 2806 2805 684 685 4455 4468 123 5138 0 5137 1517 4700 404 160 831 5508 1932 1929 179 8785 69 43 1995
[T] [72]a 280 4107 4106 1468 303 1126 541 1106 5008 3088 1469 221 5672 5671 5670 5669 211 4723 1684 1376 110 687 111 2599 131 1168 1379 2806 2805 684 685 4455 4468 123 5138 0 5137 1517 4700 404 160 831 5508 1932 1929 179 8785 915 43 1995
[T] [73]a 280 4107 4106 1468 303 1126 541 1106 5008 3088 1469 221 5672 5671 5670 5669 211 4723 1684 1376 110 687 266 86 131 1168 1379 2806 2805 684 685 4455 4468 123 5138 0 5137 1517 4700 404 160 831 5508 1932 1929 179 8785 69 43 1995
[T] [74]a 280 4107 4106 1468 303 1126 541 1106 5008 3088 1469 221 5672 5671 5670 5669 211 4723 1684 1376 110 687 266 937 131 1168 1379 2806 2805 684 685 4455 4468 123 5138 0 5137 1517 4700 404 160 831 5508 1932 1929 179 8785 69 43 1995
[T] [75]a 280 4107 4106 1468 303 1126 541 1106 5008 3088 1469 221 5672 5671 5670 5669 211 4723 1684 1376 110 687 266 2599 131 1168 1379 2806 2805 684 685 4455 4468 123 5138 0 5137 1517 4700 404 160 831 5508 1932 1929 179 8785 69 43 1995
[T] [76]a 280 4107 4106 1468 303 1126 541 1106 5008 3088 1469 221 5672 5671 5670 5669 211 4723 1684 1376 110 687 266 86 131 1168 1379 2806 2805 684 685 4455 4468 123 5138 0 5137 1517 4700 404 160 831 5508 1932 1929 179 8785 915 43 1995
[T] [77]a 280 4107 4106 1468 303 1126 541 1106 5008 3088 1469 221 5672 5671 5670 5669 211 4723 1684 1376 110 687 266 937 131 1168 1379 2806 2805 684 685 4455 4468 123 5138 0 5137 1517 4700 404 160 831 5508 1932 1929 179 8785 915 43 1995
[T] [78]a 280 4107 4106 1468 303 1126 541 1106 5008 3088 1469 221 5672 5671 5670 5669 211 4723 1684 1376 110 687 266 2599 131 1168 1379 2806 2805 684 685 4455 4468 123 5138 0 5137 1517 4700 404 160 831 5508 1932 1929 179 8785 915 43 1995
